53
284
327
335
338
340
343
345
594
608
610
617
642
661
751
1013
1301
1317
1441
1459
1465
1487
1490
1496
1526
1531
1546
1564
1575
1591
1696
1722
1748
1755
1756
1758
1768
1796
1802
1807
1809
1825
1827
1848
1863
1871
1909
1931
1932
1935
1939
1956
1959
1964
1972
1979
1987
1995
2034
2042
2050
2056
2079
2149
2151
2152
2158
2161
2163
2180
2187
2304
2328
2332
2380
2386
2398
2403
2406
2417
2422
2432
2451
2455
2459
2469
2473
2499
2522
2538
2548
2564
2566
2584
2586
2613
2632
2637
2645
2646
2653
2671
2690
2692
2698
2719
2739
2743
2755
2771
2776
2785
2788
2835
2861
2862
2870
2871
2876
2888
2900
2957
2959
3024
3060
3063
3078
3082
3090
3096
3133
3140
3150
3151
3276
3289
3335
3355
3359
3379
3383
3401
3420
3447
3463
3489
3497
3522
3535
3538
3546
3549
3558
3559
3560
3568
3582
3583
3597
3606
3623
3626
3649
3658
3663
3671
3674
3675
3679
3682
3693
3697
3736
3754
3759
3782
3790
3825
3826
3876
3886
4019
4028
4038
4048
4111
4131
4134
4136
4595
4598
4652
4670
4681
4688
4689
4690
4705
4706
4797
4800
4803
4804
4807
4820
4827
4856
4862
4865
4870
4913
4938
4944
4964
4979
4980
4994
4995
4996
5049
5057
5073
5093
5113
5114
5122
5134
5147
5148
5156
5157
5164
5167
5168
5174
5184
5186
5190
5202
5205
5224
5230
5241
5248
5252
5261
5265
5266
5270
5271
5286
5291
5294
5295
5296
5307
5311
5315
5320
5326
5337
5339
5343
5353
5355
5356
5370
5372
5382
5383
5391
5393
5394
5399
5406
5415
5421
5439
5442
5502
5559
5566
5608
5620
5623
5629
5630
5641
5854
5856
5858
5878
5882
6106
6109
6115
6117
6119
6357
6358
6361
6370
6374
6379
6567
6580
6587
6589
6594
6608
6612
6690
6707
6714
6724
6745
6757
6758
6764
6778
6788
6793
6836
6849
6856
6858
6861
6870
6879
6892
6899
6911
6920
6964
6966
6973
6983
7040
7049
7063
7101
7105
7111
7114
7116
7126
7128
7135
7145
7156
7160
7171
7176
7177
7179
7181
7195
7196
7276
7279
7282
7293
7308
7316
7320
7324
7330
7382
7398
7408
7424
7483
7546
7549
7556
7559
7561
7562
7569
7571
7574
7672
7851
7925
7929
7959
7999
8002
8003
8009
8010
8054
8072
8095
8099
8106
8204
8206
8218
8225
8300
8360
8362
8379
8383
8764
8769
8772
8773
8776
8783
8787
8788
9154
9162
9165
9169
9198
9199
9202
9209
9221
9253
9275
9298
9309
9321
9326
9347
9357
9374
9381
9390
9414
9425
9426
9459
9471
9480
9487
9489
9490
9492
9500
9508
9515
9520
9525
9534
9537
9543
9548
9554
9557
9582
9586
9587
9593
9594
9595
9601
9611
9616
9618
9619
9637
9640
9649
9657
9661
9665
9679
9699
9711
9769
10092
10111
10116
10121
10145
10153
10315
10346
10361
10536
10541
10543
10546
10557
10559
10563
10572
10578
10584
10604
10606
10608
10614
10618
10622
10633
10636
10641
10643
10644
10645
10652
10661
10666
10671
10713
10715
10731
10733
10737
10738
10767
10794
10801
10807
10819
10826
10845
10864
10894
10920
10942
10962
10971
10981
10999
11000
11001
11022
11029
11035
11073
11105
11109
11143
11202
11205
11207
11215
11216
11218
11223
11226
11230
11240
11247
11253
11290
11291
11350
11378
11388
11451
11482
11484
11503
11526
11529
11533
11556
12390
12418
12434
12437
12468
12480
12482
12484
12490
12494
12499
12500
12502
12508
12510
12514
12517
12530
12572
12574
12577
12610
12612
12634
12641
12643
12670
12850
12852
12853
12857
12867
12868
12870
12877
12879
12883
12897
12899
12912
12913
12915
12919
12925
12972
12980
13460
13468
13479
13482
13483
13632
13639
13646
13825
13828
13835
13838
13840
13844
13850
13859
13860
13888
13889
13906
13935
13946
13953
14073
14076
14086
14092
14127
14177
14185
14194
14206
14211
14245
14257
14273
14305
14307
14324
14332
14367
14399
14440
14442
14450
14470
14487
14503
14512
14520
14541
14553
14559
14560
14561
14670
14759
14765
14768
14783
14792
14793
14799
14803
14817
14821
14839
16065
16082
16306
16342
16352
16356
16399
16400
16407
16412
16421
16430
16432
16460
16474
16515
16520
16781
16783
16788
16800
16801
17183
17429
17433
17438
17446
17447
17460
17465
17679
17689
17700
17705
17754
17757
17832
17841
17848
17851
17894
17896
17914
17915
17925
17927
18016
18023
18029
18049
18065
18076
18087
18088
18089
18109
18110
18128
18137
18266
18283
18315
18320
18324
18396
18421
18422
18435
18464
18511
18516
18521
18550
18576
18581
18596
18597
18605
18610
18616
18622
18631
18645
18665
18670
18679
18705
18715
18729
18753
18838
18845
18850
18991
18992
19002
19005
19011
19014
19022
19026
19032
19047
19058
19064
19072
19074
19098
19100
19124
19129
19131
19137
19139
19158
19164
19178
19184
19188
19198
19211
19220
20915
20918
20922
20926
20931
20932
20937
20950
20960
20961
20962
21021
21022
21035
21038
21044
21048
21187
21194
21209
21211
21815
21819
21824
22224
22253
22311
22315
22358
22366
22385
22392
22394
22571
22572
22611
22637
22656
22658
22699
22700
22820
22871
22873
22877
22942
22956
22973
22977
22978
22988
22989
22998
23005
23033
23035
23046
23062
23063
23073
23088
23094
23098
23132
23133
23134
23137
23153
23178
23183
23184
23245
23329
23336
23365
23526
23546
23565
23569
23574
23576
23579
25059
25063
25410
25415
25420
25421
25434
26313
26321
26335
26741
26743
26758
26759
26775
26793
26835
26838
26845
26878
26905
26956
26957
26970
26988
27117
27125
27357
27404
27511
27538
27539
27551
27556
27633
27753
27777
29832
30649
30712
30731
30750
31201
31203
31204
31207
31214
31239
31257
31258
31266
31278
31280
31377
31387
31398
31421
31425
31440
31461
31467
31583
31584
31593
31598
31605
31610
31658
31659
31671
31687
31688
31719
31720
31729
31756
31887
31892
31897
31899
31901
31906
31929
31932
31938
31942
31988
31991
31996
32005
32014
32017
32028
32037
32072
32073
32074
32078
32086
32093
32099
32132
32137
32144
32156
32465
32467
32474
32477
32864
32868
32882
32886
32898
32900
32909
32918
32922
32942
32955
32962
32978
32992
32996
33010
34041
34050
34288
35077
35080
35093
35158
35213
35224
35253
35255
35727
35731
35739
35813
35818
35837
35838
35853
35864
35865
35867
35876
35886
35890
35943
35945
35951
35974
36094
36097
36127
36129
36135
36136
36137
36138
36139
36141
36142
36144
36148
36315
36321
36340
36368
36370
36377
36378
36397
36399
36400
36422
36430
36434
36444
36448
36450
36453
36459
36461
36474
36479
36484
36485
36488
36527
36564
36565
36568
36575
36576
36583
36665
36668
36670
36684
36691
36693
36696
36697
36699
36705
36708
36720
36732
36738
36831
36833
36837
36841
36846
36853
36884
36890
36891
36910
36923
36954
37094
37117
37136
37231
37232
37256
37314
37321
37327
37329
37336
37337
37340
37842
37847
37852
37862
37870
37892
37927
37975
39384
39389
39397
39888
40200
40254
40277
40291
40302
40312
40762
40789
40793
40978
40986
41021
41024
41028
41033
41036
41045
41053
41058
41067
41070
41126
41141
41158
41172
41173
41177
41180
41190
41194
41198
41205
41209
41213
41232
41438
41444
41463
41466
41468
41471
41513
41526
41549
41662
41664
41667
41751
41753
41754
41756
41783
41784
41786
41788
41792
41795
41801
41805
41818
41821
41831
41837
41845
41851
41866
41867
41872
41890
41896
41898
41905
41906
41908
41916
41922
41925
41967
41973
41981
41989
41999
42003
42012
42015
42023
42033
42041
42046
42050
42062
42071
42072
42076
42081
42086
42103
42106
42111
42113
42178
42181
42182
42191
42194
42202
42205
42210
42246
42250
42264
42270
42275
42278
42315
42316
42318
42321
42346
42349
42362
42372
42377
42378
45303
45610
45615
45656
45673
45719
45720
45728
45760
45768
45775
45784
45801
46463
46473
46478
46479
46511
46515
46521
46523
46566
46570
46571
46668
46698
46704
46716
46718
46721
46723
46724
46727
46733
46744
46747
46752
46753
46762
46763
46779
46780
46835
47078
47100
47107
47112
47125
47140
47183
47188
47191
47201
47248
47252
47260
47264
47268
47283
47288
47289
47300
47315
47317
47319
47390
47397
47406
47410
47418
47428
47446
47461
47476
47480
47485
47486
47508
47509
47513
47524
47593
47642
47711
47718
47728
47733
47774
47777
47781
47782
47786
47788
47791
47821
47827
47830
47844
47847
47850
47851
47858
47871
47872
47875
51127
51129
51149
51158
51203
51208
51221
51231
51243
51246
51251
51258
51269
51292
51299
51301
51307
51324
51360
51363
51378
51384
51389
52048
52119
52143
52166
52278
52284
52304
52314
52327
52348
52349
52351
52361
52368
52369
52374
52380
52382
52384
52393
52394
52425
52426
52434
52580
52892
52922
52953
52957
52967
52988
53111
53135
53140
53141
53157
53170
53175
53202
53268
53278
53284
53299
53310
53312
53323
53325
53392
53399
53404
53416
53430
53434
53482
53486
53493
56451
56463
56472
56476
56486
56526
56531
57428
57559
57596
57603
57631
57634
57639
57647
57652
57659
57674
57993
57994
58008
58027
58323
58339
58346
58353
58424
58425
58427
58433
58437
58480
58513
58535
58544
58547
58552
58574
58586
58588
58590
58592
58611
58626
58641
58655
58657
58673
58681
58682
58693
58696
58727
58735
58746
58749
58763
58797
58818
58968
58973
58982
58984
59339
59342
59357
61080
61081
61086
61088
61748
61764
61769
61777
61780
61789
61792
61805
61853
61859
61864
62247
62256
62257
62258
62271
62273
62286
62290
62687
62688
62702
62720
62726
62727
62731
62737
62749
62750
62751
62759
62781
62790
62796
62800
62811
62830
62831
62833
62847
62856
63024
63026
63039
63045
63050
63063
63070
63073
63079
63136
63144
63163
63167
63465
63667
63671
63672
63688
63705
63710
63713
63718
63732
63734
63812
63818
63819
63830
63888
63894
63908
63913
63914
63916
63921
63930
63936
63938
63948
63951
63958
63968
63973
63975
63987
64000
64014
64015
64201
64203
64208
64222
66190
66195
66196
66198
66199
66200
66214
66217
66440
66457
66460
66465
66467
66901
66903
66939
66940
66944
66945
66946
66952
66972
66979
66989
66992
67006
67028
67034
67053
67925
67926
67933
67949
67952
67954
67955
67961
67962
67963
67991
67993
68007
68066
68127
68145
68177
68179
68188
68201
68211
68303
68922
68925
68928
68929
68931
68932
68943
68954
68963
68967
68977
68989
71026
71033
71052
71059
71076
71788
71818
71820
71829
71838
71839
71853
71870
71878
71879
71907
71916
71928
71946
72980
72994
73020
73021
73026
73029
73031
73035
73038
73039
73049
73057
73058
73061
73062
73066
73070
73071
73073
73083
73092
73093
73139
73143
73162
73262
73297
73307
73319
73333
73336
73370
73408
73469
73486
73764
73773
73779
73797
73801
73877
73884
73889
73895
73912
73917
74007
74057
74131
74133
74137
74142
74144
74150
74163
74181
74183
74186
74192
74193
74202
74208
74209
74425
75969
75975
76729
76734
76746
76753
76765
76774
76775
76779
76783
76789
76796
76798
76811
76814
76834
76840
76846
76854
76888
76891
76893
76980
76988
77975
77999
78025
78026
78110
78118
78139
78287
78296
78306
78315
78317
78338
78521
78524
78534
78559
78565
78566
78625
78626
78647
78650
78659
78684
78691
78695
78705
78706
78712
78714
78724
78733
78736
78744
78754
78755
78757
78759
78836
78838
78846
78852
78858
78861
79090
79111
79132
79135
79142
80348
81055
81063
81064
81073
81077
81086
81112
81115
81116
81145
81152
81156
81170
81230
81244
81250
81252
81262
81329
82363
82367
82389
82411
82414
82537
82582
82584
82948
82950
82967
82976
82979
83022
83029
83033
83035
83037
83039
83041
83646
83653
83655
84975
84979
84987
84995
84999
85000
85001
85008
85010
85014
85034
85045
85046
85051
85054
85067
85072
85091
85093
85094
85095
85105
85122
85126
85156
85165
85175
85184
85207
85754
85774
86088
86091
86101
86102
86288
86305
86309
86310
86332
86346
86695
86697
86885
86886
86907
87434
87439
87440
88808
88809
88815
88816
88823
88832
88833
88836
88843
88848
88856
88859
88877
88881
88885
88886
88903
88905
88906
88908
88915
88968
88973
88978
88987
88998
88999
89008
89012
89057
89127
89559
89577
89579
89795
89796
89799
89800
89804
89820
89821
89892
89897
89918
89919
89961
89998
90117
90120
90147
90155
90460
90463
90466
90467
90487
90497
90500
90501
90521
90522
91038
91043
92453
92474
92508
92512
92519
92585
92621
92625
92661
92663
93084
93105
93108
93133
93145
93147
93287
93299
93301
93302
93309
93310
93326
93335
93338
93342
93344
93347
93349
93352
93359
93363
93369
93380
93381
93440
93441
93450
93461
93522
93537
93651
93701
93754
93761
93766
93772
93969
93975
94001
94003
94013
94015
94018
94029
94042
94050
94063
94090
94110
94123
94143
94176
94203
94212
94214
94218
94223
94225
94270
94280
96028
96041
96056
96064
96165
96214
96220
96232
96240
96242
96248
96686
96691
96716
96721
96732
96738
96872
96875
96877
96885
96892
96895
96898
96905
96911
96916
96918
96932
96936
96937
96941
96955
96961
96970
96972
96986
96988
96991
97003
97013
97022
97045
97048
97098
97100
97114
97115
97125
97149
97152
97174
97182
97241
97387
97397
97409
97424
97426
97451
97801
97820
97830
97837
97851
97868
97892
97896
97923
97926
98007
98012
98024
98389
98416
99996
100068
100110
100111
100116
100133
100134
100919
100939
101002
101141
101143
101152
101159
101160
101163
101169
101230
101235
101352
101360
101369
101381
101679
101689
101695
102107
102137
102360
102377
102378
102388
102389
102404
102405
102865
102868
103823
103841
103845
103849
103855
103860
103864
103869
104161
104170
104171
104187
104293
104317
104320
104323
105255
105259
105264
105267
105283
105286
105291
105317
105348
105792
105801
105822
106341
106693
106734
108466
108467
108470
108477
108478
108749
108757
108782
108803
108814
108850
108861
108874
108891
108910
108919
108937
108946
110037
110046
110060
110072
110082
110119
110132
110136
110143
110157
110164
110170
110177
110282
110287
110296
110436
110439
110743
110753
110775
110779
111057
111323
111330
111347
111363
111918
111926
111937
111957
111960
113288
113289
113291
113301
113317
113343
114473
114491
114535
114546
114551
114558
114574
114580
114583
114597
114606
114652
114658
114673
114681
114683
114705
114715
115635
115641
115677
116384
116388
116396
116400
117363
117365
117382
117388
117401
118482
118510
118603
118610
118612
118616
118617
118845
118853
118875
118879
118895
120979
121020
121021
121032
121040
121050
121064
121067
121890
122099
122102
122271
122282
122754
124596
124611
124621
124638
124648
124652
124661
125627
125636
126216
126599
126633
126647
126648
126649
128450
128451
128457
128465
128467
128490
128497
128505
128515
128525
128532
128617
129933
129961
129972
129992
130320
130345
130821
130871
131068
132157
132158
132160
132162
132163
132169
132206
132207
132224
132388
132394
132408
132422
132442
132452
132471
132473
132485
132523
133375
133386
133832
133975
134211
134342
134344
134378
134498
134579
134581
134594
134595
135337
136572
136579
136581
136583
136588
136590
136603
136604
136607
136610
136615
136619
136624
136628
136629
136633
136634
136764
136776
136777
136783
136787
136795
136818
136828
136837
136851
136868
136887
136894
136938
136945
136950
136956
137805
137924
138107
138181
138185
138204
138233
138358
138378
138420
138424
138484
138485
138486
138487
138538
138608
138613
138648
138660
138671
138723
138740
138782
139441
139471
140105
140117
140139
140163
141370
141371
141380
141386
141398
141410
141430
141467
141488
141510
141517
141523
141524
141542
141543
141548
141551
141569
141575
141576
141581
141583
141591
142609
142614
142615
142625
142631
142646
142658
142705
142713
142718
142751
142756
142767
142787
142798
142813
142819
142826
142828
142829
142832
142836
142839
142840
142844
142898
142939
142944
142974
142976
142982
143045
143047
143067
143087
143243
143257
143326
143364
143640
143641
143659
144095
144166
144173
144188
144841
144845
144852
145940
145943
145955
145957
145966
145981
145985
146003
146004
146023
146025
146038
146039
146049
146053
146059
146061
146062
146066
146280
146928
146947
146950
147257
147264
147272
147275
147280
147287
147288
147295
147317
147328
147387
147404
147427
147447
147469
147478
147480
147482
147499
147562
147667
147677
147733
147757
147772
147790
147817
147829
147831
147842
147856
147868
147918
147924
147947
148281
148284
148287
148976
148984
151109
151112
151146
151154
151173
151200
152366
152369
152483
152488
152496
152498
152505
152511
152516
152521
152539
152541
152563
152580
152586
152606
152626
152667
152682
152698
152703
152718
152735
152739
152749
152761
152766
152771
152792
152802
152814
152861
152894
152899
152915
152947
152948
152951
152965
152976
152983
153019
153021
153033
153132
153186
153239
153250
153503
153510
153512
153524
153585
153594
154192
154198
154210
154673
154681
154690
156236
156237
156246
156247
156260
156271
156289
156294
156296
156302
156307
156313
156315
156318
157284
157289
157291
157306
157314
157317
157435
157452
157464
157478
157485
157489
157491
157497
157507
157532
157538
157544
157546
157548
157550
157635
157638
157656
157665
157685
157692
157717
157731
157732
157839
157970
158008
158011
158031
158038
158069
158090
158117
158587
158648
158678
158732
159388
161546
161572
161576
161589
161600
161602
161610
161613
161626
161630
161645
161667
162730
162737
162743
162747
162753
162767
162772
162779
162784
162794
162801
162821
162836
162846
162853
162860
162861
162866
162869
162874
162922
162953
162991
162997
163017
163122
163144
163146
163171
163199
163208
163214
163223
163241
163314
163357
163368
163374
163411
163873
163877
163902
164427
164434
164437
164438
164535
165208
165694
165719
165728
165732
165738
165761
165766
165770
166488
166496
166500
166504
166505
166506
166516
166519
166520
166540
166552
166560
166565
166582
166583
166588
166590
166604
166614
166618
166641
166646
166653
166663
166665
167644
167645
167767
167768
167774
167780
167783
167787
167809
167810
167813
167815
167818
167831
167835
167844
167857
167873
167877
167880
167882
167896
167903
167912
167917
167918
167941
167952
167971
167986
168001
168026
168027
168032
168085
168112
168115
168134
168148
168181
168244
168274
168492
168496
168517
168529
168534
168538
168543
169205
169857
170805
170807
170809
170828
170833
170838
170962
170969
170973
170988
170990
171009
171036
171046
171056
171061
171075
171092
171095
171105
171120
171121
171145
172038
172061
172074
172075
172126
172142
172155
172160
172186
172203
172210
172217
172219
172263
172265
172276
172292
172293
172339
172343
172373
172378
172395
172416
172419
172428
172439
172446
172447
172448
172465
172468
172473
172477
172482
172486
172487
172498
172520
172541
172544
172545
172549
172557
172563
172564
172592
172593
172628
172683
172719
172754
172764
172783
172804
172854
172861
172865
172881
173072
173080
173089
173125
173406
173554
173835
175382
175388
175909
176013
176015
176019
176041
176044
176082
176084
176092
176102
176120
176143
176144
176149
176153
176170
176182
176195
176207
176221
176226
176237
176240
176251
176253
176257
176259
176262
176264
176278
176280
176281
176283
176286
176297
176309
176311
176312
176315
176317
176319
176326
176328
176334
176336
176339
176354
177283
177291
177322
177331
177397
177411
177413
177429
177472
177478
177502
177509
177521
177567
177570
177583
177585
177605
177639
177641
177663
177687
177703
177710
177714
177750
177755
177758
177774
177790
177808
177879
177901
177902
177922
177962
177976
177977
177983
177994
178043
178047
178065
178079
178093
178106
178191
178212
178221
178334
178339
178347
178364
178751
178757
178778
178796
178800
178814
178838
179104
179105
179115
179482
179520
179568
179623
179630
179861
180130
180553
180585
180597
180599
180614
180616
180617
180620
180635
180642
180644
180646
180654
180655
180660
180663
180696
180699
180709
180787
180794
180800
180814
180824
180829
180874
180890
180897
180906
180919
182023
182031
182059
182065
182082
182088
182089
182109
182120
182121
182124
182135
182164
182184
182203
182221
182275
182278
182279
182304
182306
182318
182319
182322
182328
182338
182341
182348
182357
182396
182405
182434
182440
182448
182460
182525
182718
182735
182747
182748
182749
182750
182761
182772
182775
182799
182802
182810
183152
183164
183170
183179
183236
183243
183850
183903
183906
183915
184197
184201
184396
184404
184423
184432
184438
184871
184876
184878
184884
184890
184898
184917
184922
184953
184982
185000
185003
185005
185006
185019
185027
185031
185032
185050
185127
185129
185151
185196
185200
185202
185210
185235
185239
185256
185306
185338
186270
186272
186273
186284
186290
186312
186314
186327
186336
186337
186357
186363
186371
186386
186424
186449
186486
186500
186517
186532
186544
186567
186576
186579
186602
186621
186630
186684
186791
186811
186855
186857
186905
186911
186926
187116
187120
187147
187148
187162
187165
187203
187211
187220
187351
187523
187538
187553
187560
188443
188445
188453
188467
188477
188480
188488
188793
188803
188804
188807
189091
189362
189388
189397
189402
189404
189407
189422
189445
189448
189451
189455
189459
189464
189483
189502
189511
189512
189516
189533
189534
189557
189560
189568
189576
189583
189584
189606
189632
189648
189656
189698
189702
189713
189721
189740
189753
189779
189780
189797
189906
190773
190777
190788
190791
190808
190826
190843
190855
190857
190860
190874
190887
190898
190911
190921
190926
190936
190964
190977
190991
191004
191013
191037
191043
191056
191070
191101
191103
191146
191148
191167
191208
191214
191220
191245
191250
191253
191288
191292
191658
191675
191679
191681
191684
191703
191821
191867
191897
191916
191932
191934
191939
191946
191954
191966
191972
191992
192629
192635
192639
192641
192656
192699
193044
193362
193363
193587
193601
193604
193612
193625
193626
193647
193654
193678
193694
193704
193709
193717
193718
193723
193730
193744
193745
193748
193760
193761
193796
193797
193807
193819
193824
193839
193857
193866
193880
193883
193923
193931
193932
193938
193957
193962
193964
193980
193983
193984
193994
194031
194047
194051
194057
194067
194076
194077
194086
194131
194147
194156
194162
194178
194179
194186
194187
194207
194211
194214
194225
194228
194238
194250
194251
194261
194289
194308
194331
194342
194422
194424
194439
194441
194455
194465
194488
194495
195468
195480
195522
195532
195546
195567
195573
195579
195616
195628
195633
195637
195640
195654
195664
195705
195710
195776
195807
195826
195837
195838
195846
195857
195900
195907
195908
195943
195950
196015
196070
196089
196097
196101
196129
196159
196181
196580
196587
196588
196591
196614
197361
197364
197372
197374
197413
197424
197437
197446
197615
197681
197893
198024
198054
198055
198056
198057
198067
198074
198077
198087
198093
198099
198107
198281
198300
198312
198328
198330
198331
198333
198348
198385
198386
198410
198417
198428
198440
198442
198454
198457
198458
198465
198480
198495
198500
198504
198509
198518
198525
198527
198543
198556
198577
198582
198588
198589
198596
198600
198601
198619
198620
198625
198643
198644
198670
198678
198686
198691
198740
198745
198747
198752
198753
198774
198784
198793
198797
198801
198810
198855
198878
198885
198888
198894
198896
198901
198911
198914
198929
198949
198975
198983
198995
198997
199021
199037
199041
199050
199065
199069
199081
199083
199088
199104
199137
199157
199159
200214
200235
200243
200247
200252
200254
200260
200275
200276
200288
200300
200306
200315
200323
200354
200422
200428
200444
200458
200460
200495
200500
200504
200507
200518
200529
200535
200581
200592
200594
200625
200704
201046
201084
201098
201135
201149
201151
201202
201740
201790
201803
201818
201829
201832
202495
202511
202521
202522
202724
202732
202734
202737
202753
202772
202963
202964
203160
203227
203229
203247
203258
203262
203269
203271
203272
203287
203288
203291
203295
203307
203325
203335
203336
203394
203404
203449
203453
203464
203623
203629
203648
203650
203651
203654
203664
203674
203675
203676
203682
203700
203702
203714
203718
203729
203730
203753
203759
203770
203776
203777
203778
203779
203781
203785
203787
203798
203799
203801
203811
203812
203815
203818
203823
203826
203832
203838
203859
203879
203885
203887
203890
203897
203904
203917
203918
203925
203929
203932
203934
203943
203948
203972
203976
203978
203982
203996
203999
204029
204037
204041
204062
204072
204085
204090
204092
204103
204112
204115
204116
204121
204127
204132
204153
204158
204163
204211
204213
204214
204219
204222
204249
204289
204290
204298
204303
204307
204322
204444
204445
204449
204455
204468
204477
204483
205611
205630
205668
205678
205706
205727
205735
205737
205751
205759
205820
205840
205847
205859
205893
205924
205974
205984
206011
206015
206039
206046
206090
206942
206960
207268
207399
207413
207415
208095
208108
208117
208130
208152
208154
208185
208198
208221
208229
208277
208504
208544
208585
208773
208779
208783
208795
208797
208799
208807
208810
208814
208815
208827
208852
208863
208864
208873
208875
208881
208883
208885
208901
208909
208911
208912
208917
208945
208954
208961
208969
208976
208997
208998
209002
209009
209219
209225
209229
209236
209246
209260
209261
209271
209276
209282
209308
209310
209315
209319
209320
209326
209330
209348
209352
209354
209356
209360
209362
209379
209384
209386
209394
209396
209417
209447
209452
209508
209519
209531
209533
209535
209553
209565
209569
209600
209609
209616
209639
209653
209654
209655
209661
209663
209664
209670
209675
209677
209685
209700
209707
209736
209747
209757
209796
209797
209846
210988
210998
211006
211013
211097
211102
211109
211110
211117
211118
211120
211181
211205
211214
211245
211301
211304
211329
211344
211431
211435
211436
211462
211589
212743
212746
212751
213264
213274
213285
213316
213317
213339
213353
213542
213566
213647
213655
213665
213673
213677
213681
213687
213691
213702
213707
213712
213715
213720
213724
213737
213740
213741
213745
213751
213753
213758
213763
213765
213771
213783
213785
213797
213798
213802
213819
213823
213829
213838
213839
214012
214020
214138
214140
214141
214152
214201
214205
214217
214222
214271
214274
214299
214314
214318
214323
214325
214326
214327
214348
214350
214358
214364
214365
214369
214377
214384
214389
214391
214392
214394
214399
214417
214418
214419
214431
214436
214443
214446
214458
214470
214481
214493
214514
214533
214549
214550
215679
215680
215681
215718
215753
215769
215774
215776
215782
215792
215804
215826
215841
215855
215857
215872
215873
215894
215929
215930
215931
215941
215970
215982
215988
215997
216083
216087
217332
217337
217357
217366
217370
217374
217394
217763
218021
218041
218047
218057
218085
218086
218096
218120
218128
218230
218235
218359
218386
218392
218426
218446
218452
218469
218479
218480
218481
218487
218489
218524
218527
218658
218661
218719
218720
218721
218748
218750
218753
218763
218804
218810
218822
218832
218844
218853
218864
218878
218890
218896
218919
218926
218958
218974
219019
219027
219030
219036
219044
219105
219123
219134
219141
219164
219178
219196
219214
219221
219223
219250
219256
219272
219279
219281
219284
219303
219315
219328
219332
219333
219339
219376
219395
219397
219402
220368
220381
220385
220398
220403
220407
220408
220438
220470
220736
220738
220748
220749
220760
220774
220811
220835
220841
220843
220856
220857
220876
220941
220984
220985
220995
221007
221044
221045
221052
221088
221111
221138
221696
221708
222216
222612
222738
222852
223265
223372
223392
223448
223451
223661
223679
223689
223710
223743
223756
223800
223920
223943
223998
224009
224012
224018
224030
224037
224053
224057
224085
224086
224093
224102
224105
224123
224128
224134
224143
224144
224147
224159
224163
224167
224168
224180
224195
224199
224207
224210
224212
224218
224228
224245
224246
224250
224253
224258
224259
224262
224263
224265
224269
224273
224280
224288
224342
224373
224398
224400
224415
224418
224427
224428
224433
224448
224452
224481
224490
224511
224515
224527
224534
224539
224540
224546
225522
225534
225559
225563
225565
225566
225567
225593
225611
225620
225621
225626
225627
225634
225644
225842
225844
225846
225855
225858
225860
225863
225868
225878
225904
225916
225938
225947
225993
226031
226033
226036
226054
226061
226067
226146
226151
227420
227670
227671
227794
227884
227913
227928
227936
227975
227979
228523
228530
228534
228535
228537
228538
228539
228562
228665
228681
228686
228688
228709
228711
228730
228739
228743
228812
228857
228865
228920
228924
228940
228943
228946
228950
228997
229002
229009
229014
229020
229026
229028
229032
229051
229056
229066
229070
229080
229107
229112
229163
229166
229174
229180
229183
229184
229185
229186
229199
229209
229213
229226
229227
229229
229230
229232
229233
229242
229258
229272
229273
229289
229291
229305
229347
229356
229365
229372
229380
229382
229384
229387
229403
229418
229425
229448
229475
229478
229489
229506
229520
229521
229523
229532
229546
229558
229575
229872
229882
229887
229906
229907
230749
230754
230765
230773
230797
230801
230802
230822
230827
230839
230840
230844
230846
230860
230868
230876
230881
230896
230897
230908
230918
230938
230943
230949
230950
231031
231032
231034
231050
231070
231073
231074
231096
231113
231116
231118
231120
231145
231149
231150
231158
231180
231184
231187
231199
231204
231209
231213
231231
231239
231250
231257
231267
231277
231312
232578
232681
232867
233349
233362
233364
233375
233425
233567
233633
233640
233650
233720
233723
233724
233727
233729
233738
233742
233759
233770
233776
233785
233815
233828
233841
233861
233862
233873
233874
233886
233930
233935
233950
233958
233976
233978
233991
233997
234030
234033
234414
234425
234436
235217
235223
235231
235233
235243
235250
235265
235279
235280
235328
235335
235342
235363
235378
235380
235393
235417
235437
235453
235458
235461
235490
235494
235497
235514
235546
235547
235565
235578
235595
236624
236641
236672
236675
237529
237789
237795
237838
237841
237851
237853
237855
237864
237867
237873
237940
237957
237980
237984
237990
237993
238016
238021
238026
238035
238043
238046
238049
238057
238059
238451
239297
239301
239309
239313
239324
239376
239384
239387
239392
239398
239414
239416
239425
239434
239437
239456
239458
239459
239461
239463
239478
239487
239492
239515
239532
239563
239603
239610
239614
239618
239631
239633
239638
239658
239697
239700
240913
240997
241971
241984
241991
241999
242024
242042
242045
242138
242142
242172
242195
242207
242259
242264
242279
242287
242291
242301
242322
242323
242364
242372
242374
242395
242403
242405
242414
242446
242455
242463
242484
242487
242488
242491
242515
243907
243928
243959
243963
243967
243994
243998
244013
244051
244064
244065
244066
244074
244105
244123
244127
245240
245325
245333
246328
246341
246354
246362
246363
246381
246386
246566
246568
246579
246580
246626
246673
246676
246682
246683
246702
246704
246709
246718
246723
246733
246742
246748
246756
246757
246778
246784
246785
246786
246799
246802
246822
246823
246832
246864
246867
246890
246895
246927
246942
246943
246961
246977
246981
246983
246993
247005
247007
247059
247061
248451
248452
248459
248469
248501
248532
249131
249448
249463
249525
249559
249566
249567
249604
249605
250604
250688
250807
250835
250837
250840
250861
250864
250865
250866
250936
250938
250954
250957
250964
250979
250982
250987
250992
250999
251020
251027
251034
251035
251036
251042
251057
251058
251082
251085
251101
251108
251112
251113
251116
251120
251125
251131
251156
251161
251162
251182
251189
251193
251198
251214
251232
251257
251262
251267
252474
252479
252484
252560
252564
253060
253422
253426
253444
253448
253449
253528
254459
254480
254572
254590
254594
254597
254603
254606
254617
254634
254641
254669
254671
254676
254696
254705
254706
254750
254754
254766
254772
254790
254802
254804
254812
254823
254834
254836
254852
254861
254864
254883
254892
254893
254902
254904
254911
254961
254964
254965
254983
254985
254988
255007
255011
255012
255013
255021
255041
255055
255063
255068
255120
255129
255130
255151
255158
255168
255190
255191
255194
255231
256488
256511
256602
256603
256606
256613
256614
256669
256680
257589
257647
258705
258709
258748
258754
258764
258765
258783
258792
258813
258822
258843
258847
258849
258852
258865
258881
258915
258942
258945
258949
258951
258959
258964
258966
258980
258981
258984
258990
258994
258999
259001
259002
259013
259017
259024
259027
259036
259048
259063
259084
259110
259121
259137
259147
259161
259266
259267
259271
259279
260254
260261
260271
260393
260403
260405
260419
260456
260468
260474
260477
260486
260501
260512
260517
260534
260604
260618
260621
260666
260675
260723
260737
260759
260760
260767
260768
260772
261518
261540
262447
262498
262517
262533
262535
262552
262555
262556
262564
262575
262577
262608
262613
262629
262643
262644
262676
262686
262725
262730
262741
262752
262779
262799
263789
263794
263818
264049
264056
264072
264074
264075
264097
264106
264118
264119
264136
264143
264145
264149
264157
264215
264229
264260
264274
264304
264306
264326
264330
264335
264339
264365
264370
264376
264412
264576
264607
264623
264731
264733
264739
266245
266248
266280
266311
266314
266315
266345
266352
266378
266394
266395
266409
266412
266454
266462
266484
266497
266505
266506
266508
266511
266534
266544
266570
266587
266588
266599
267650
267653
267655
267661
267680
267687
267692
267703
267713
268056
268060
268065
268067
268072
268079
268089
268091
268096
268115
268125
268128
268152
268164
268167
268168
268203
268209
268210
268214
268240
268241
268313
268325
268350
268373
268376
269190
269240
270023
270057
270112
270115
270122
270127
270128
270132
270133
270134
270165
270180
270202
270208
270215
270224
270239
270241
270251
270253
270293
270294
270300
270327
270346
270375
270383
270386
270395
270396
270423
271714
271736
271757
271769
271779
271786
271804
271805
271854
271870
271877
271881
271887
271888
271890
271927
271938
271940
271986
272093
272097
273005
273014
273042
273095
273778
273802
273863
273864
273866
273868
273899
273901
273913
273953
273958
273964
273968
273974
273975
273993
273994
273995
274017
274049
274055
274071
274074
274092
274108
274110
274136
274142
274151
274152
274168
274180
274181
274194
274217
274219
274227
274259
274262
274268
274286
274287
274312
274314
274322
275628
275636
275641
275668
275670
275671
275710
275711
275716
275717
275741
275752
275760
275761
275763
275764
275769
275770
275775
275781
275806
275839
275852
275854
275876
276666
276685
276721
277283
277298
277339
277349
277352
277353
277368
277371
277374
277390
277393
277412
277418
277426
277432
277441
277442
277484
277509
277514
277535
277541
277565
277570
277604
277639
277640
277641
277679
277722
278079
278087
278103
278111
278125
278130
279065
279078
279080
279085
279091
279096
279149
279153
279155
279156
279165
279169
280467
280474
280495
280506
280509
280521
280543
280555
280561
280612
280677
280678
280679
280681
280692
280693
280703
280708
280710
280715
280730
280733
280738
280739
280740
280753
280757
280760
280772
280774
280788
281118
281126
281135
281140
281157
281978
281981
281982
281986
281994
282037
282038
282039
282040
282049
282058
282065
283204
283211
283215
283296
283318
283319
283322
283324
283329
283351
283365
283377
283416
283426
283473
283476
283478
283495
283502
283506
283508
283509
283517
283534
283548
283624
283908
283911
283919
283931
283932
283935
283936
283937
283939
283943
283955
283989
283990
284630
284631
284633
284649
284672
284674
284676
284686
284689
284707
284710
284731
285797
285924
285926
285946
285948
285951
285952
285967
285972
286159
286168
286175
286189
286196
286202
286206
286208
286229
286230
286231
286239
286243
286248
286249
286251
286252
286262
286266
286279
286280
286288
286295
286324
286338
286347
287024
287025
287026
287035
287040
287042
287045
287054
287057
287188
288288
288368
288370
288372
288422
288473
288476
288499
288509
288514
288527
288530
288540
288561
288647
288648
288651
288661
288662
288666
288675
288677
288687
288691
288694
288708
288716
288719
288727
288736
288744
288774
288777
288778
288780
288805
288807
289617
289618
289623
290858
290873
290877
290892
290896
290918
291081
291089
291096
291097
291107
291113
291126
291132
291133
291146
291148
291151
291154
291158
291162
291164
291170
291175
291209
291213
291214
291225
291242
291245
292963
293174
293177
293179
293189
293196
293206
293207
293220
293254
293257
293270
293275
293293
293296
293297
293324
293365
293373
294127
294133
294134
294151
295258
295259
295261
295292
295338
295437
295450
295456
295458
295460
295464
295490
295504
295534
295537
295545
295555
295557
295561
295585
295597
295599
295601
295610
295625
295632
295635
295676
297410
297419
297435
297459
297469
297477
297481
297483
297486
297596
297610
297624
297630
297649
297666
297682
297694
297710
297711
297716
298845
299361
299395
299419
299430
299439
299450
299463
299539
299542
299544
299545
299547
299549
299557
299562
299569
299573
299581
299592
299595
299602
299604
299613
299615
299617
299639
299668
299691
299698
299701
299713
299730
300254
301262
301283
301291
301313
301316
301334
301346
301355
301421
301423
301425
301431
301434
301441
301442
301464
301476
301478
301480
301500
303099
303102
303120
303124
303136
303159
303160
303178
303200
303209
303212
303253
303259
303263
303274
303282
303305
303322
303325
303332
303462
303475
303478
303485
303489
303498
303501
303530
304927
304941
304952
304956
304977
304983
305030
305042
305057
305066
305086
305101
305102
305108
305159
305160
305183
305186
305195
305203
305209
305277
305285
305286
305299
305347
305348
305355
306838
306843
306854
306856
306864
307030
308189
308193
308279
308319
308338
308353
308419
308444
308462
308465
308478
308485
308513
308552
308566
308593
309469
309489
309677
309742
309796
309798
309812
309852
309860
309903
309915
309916
309941
309965
309988
309995
309997
310010
310092
310110
310123
310859
310861
310872
310884
310927
310933
311115
311149
311230
311246
311301
311328
311338
311347
311352
311380
311414
311451
311462
311508
311513
311519
311745
311756
311768
312248
312254
312262
312332
312338
312433
312434
312437
312442
312443
312463
312564
312727
312761
312770
312820
312830
312834
312864
312901
313724
313728
313739
313748
313777
313786
313841
313860
313861
313882
313883
313891
313894
313895
313909
313914
313930
313933
314026
314123
314145
314165
314176
314206
314237
314258
314265
314307
314381
314400
314418
314438
314464
314468
314484
314495
314499
314519
314767
314786
314804
315167
315269
315280
315298
315308
315310
315343
315376
315387
315426
315433
315518
315531
315556
315557
315621
315637
315644
315672
315681
315711
315717
315726
315755
315801
315866
315920
315927
315987
316003
316016
316069
316090
316639
316646
316650
316669
316670
316701
316709
316737
316739
316751
316786
316796
316801
316820
316824
316826
316828
316830
316831
316862
316864
316879
316897
316942
316981
316989
317012
317032
317049
317056
317075
317107
317219
317237
317242
317274
317349
317354
317386
317411
317426
317446
317458
317517
317536
317548
317551
317635
317647
317654
317663
317950
317951
317953
317960
317965
317982
317983
317991
317992
317993
317998
318221
318228
318267
318270
318286
318356
318413
318421
318437
318438
318440
318441
318442
318473
318474
318545
318591
318594
318611
318615
318618
318622
318640
318645
318653
318679
318690
318691
318714
318715
318725
318810
318816
318818
318856
318865
318884
318941
318947
318986
319007
319018
319109
319122
319128
319131
319138
319147
319148
319227
319235
319358
319939
319957
319981
320044
320045
320047
320054
320068
320103
320113
320138
320141
320165
320169
320176
320185
320191
320219
320240
320241
320254
320389
320397
320428
320475
320550
320561
320570
320637
320643
320671
320706
320721
320726
320943
320959
320985
321006
321015
321023
321341
321379
321629
321719
321720
321728
321732
321734
321760
321770
321788
321800
321834
321836
321844
321860
321872
321874
321875
321880
321896
321899
321902
321905
321921
322008
322020
322028
322038
322066
322081
322159
322180
322195
322266
322322
322331
322341
322346
322391
322421
322562
322580
322594
322626
322633
322640
322641
322650
322651
322657
323192
323200
323228
323236
323251
323256
323264
323277
323300
323314
323325
323355
323387
323391
323411
323422
323446
323493
323501
323605
323626
323656
323674
323711
323719
323724
323739
323741
323746
323770
323787
323811
323825
323855
323990
323999
324041
324043
324068
324094
324109
324110
324140
324143
324150
324167
324171
324174
324773
324809
324817
324818
324819
324824
324829
324831
324837
324867
324881
324884
324885
324890
324893
324911
324934
324955
324957
324989
325001
325024
325049
325068
325113
325127
325207
325211
325225
325232
325234
325235
325265
325273
325288
325297
325298
325312
325321
325360
325391
325421
325457
325459
325517
325530
325543
325594
325601
325612
325616
326002
326014
326028
326036
326037
326045
326242
326244
326245
326272
326277
326279
326284
326298
326304
326305
326313
326315
326376
326379
326382
326430
326433
326442
326465
326489
326490
326525
326545
326599
326625
326629
326632
326637
326648
326705
326709
326724
326740
326753
326796
326831
326853
326862
326868
326879
326959
326961
326979
326991
327001
327020
327047
327049
327066
327084
327208
327231
327232
327291
327313
327317
327343
327355
327356
327358
327360
327575
327579
327606
327611
327615
327620
327623
327627
327640
327681
327697
327707
327715
327760
327768
327770
327774
327825
327852
327860
327862
327951
327952
327969
327973
327992
327995
328011
328063
328107
328114
328125
328127
328140
328168
328178
328200
328234
328254
328281
328300
328301
328336
328538
328573
328579
328630
328862
328874
328877
328879
328894
328898
328910
328921
328924
328931
328932
328934
328935
328938
328947
328958
328980
328990
328993
328999
329000
329003
329006
329053
329067
329082
329090
329092
329098
329106
329111
329119
329125
329132
329143
329162
329177
329203
329243
329254
329273
329297
329335
329356
329392
329412
329570
329579
329599
329624
329767
329772
329773
329810
329825
329835
330134
330149
330151
330177
330184
330189
330190
330194
330196
330201
330204
330217
330227
330230
330232
330233
330241
330250
330261
330275
330295
330308
330317
330322
330354
330391
330400
330404
330417
330583
330591
330599
330643
330658
330701
330702
330748
330757
330768
330777
330781
330785
330788
330799
330824
330837
331255
331260
331286
331287
331315
331328
331330
331333
331334
331336
331337
331393
331395
331408
331427
331435
331439
331447
331467
331486
331489
331531
331549
331551
331561
331591
331593
331662
331670
331768
331778
331786
331794
331798
331804
331816
331887
331945
331955
332018
332032
332291
332300
332304
332313
332329
332334
332343
332373
332381
332385
332417
332439
332452
332479
332483
332489
332491
332503
332504
332554
332558
332560
332565
332571
332590
332602
332635
332658
332687
332735
332765
332766
332767
332779
332801
332812
332835
332876
332892
332896
332926
332940
332947
332959
333235
333242
333243
333248
333251
333258
333261
333262
333271
333301
333344
333348
333364
333370
333378
333396
333413
333414
333418
333427
333429
333452
333461
333536
333538
333548
333568
333584
333589
333591
333719
333738
333752
333816
333838
333867
333876
333886
333981
333989
333996
334045
334292
334374
334391
334410
334411
334499
334530
334544
334590
334613
334619
334627
334651
334652
334673
334705
334723
334740
334743
334781
334793
334808
334851
334853
334869
334935
334944
334974
334975
334977
334979
335022
335067
335148
335438
335441
335450
335454
335456
335457
335465
335470
335483
335489
335521
335524
335553
335564
335569
335576
335579
335595
335596
335598
335605
335618
335624
335654
335677
335683
335689
335720
335731
335759
335792
335802
335831
335838
335876
335881
335913
335933
335956
335987
336038
336048
336363
336372
336373
336374
336390
336425
336428
336434
336461
336480
336486
336524
336525
336563
336572
336591
336615
336632
336653
336681
336682
336700
336722
336768
336769
336783
336813
336825
336828
336847
336877
336950
337277
337288
337293
337301
337305
337325
337334
337343
337360
337366
337376
337380
337397
337398
337417
337445
337446
337453
337477
337481
337493
337517
337534
337567
337605
337618
337634
337651
337677
337758
337777
337812
337824
337826
337839
337862
337863
337871
337892
338224
338227
338229
338233
338241
338249
338258
338273
338286
338293
338306
338317
338350
338368
338373
338381
338410
338413
338419
338437
338469
338472
338474
338498
338516
338542
338550
338552
338587
338649
338668
338710
338716
338724
338751
338790
339116
339160
339162
339183
339216
339225
339228
339236
339242
339250
339264
339269
339308
339357
339359
339373
339378
339381
339403
339498
339499
339518
339532
339570
339575
339580
339585
339591
339594
340020
340022
340024
340031
340032
340038
340089
340140
340165
340166
340197
340203
340208
340240
340242
340260
340261
340285
340290
340315
340391
340405
340460
340467
340483
340486
340488
340490
340496
340521
340526
340531
340535
340543
340555
340981
341088
341092
341098
341105
341111
341119
341122
341138
341143
341160
341163
341170
341178
341183
341197
341216
341296
341298
341353
341370
341377
341407
341427
341458
341485
341492
342011
342098
342104
342120
342150
342155
342177
342200
342241
342245
342246
342252
342312
342316
342434
342450
342471
342550
342567
342572
343105
343167
343183
343192
343193
343202
343207
343225
343255
343279
343281
343285
343287
343291
343293
343304
343310
343317
343326
343354
343385
343481
343513
343528
344170
344175
344236
344242
344250
344271
344286
344294
344309
344312
344326
344327
344337
344353
344378
344389
344392
344441
344449
344517
344532
344603
344628
345232
345298
345315
345332
345379
345396
345398
345407
345425
345429
345441
345453
345524
345623
345627
345718
345888
345899
345920
345924
346392
346406
346413
346418
346421
346426
346459
346479
346490
346492
346495
346502
346505
346506
346521
346533
346563
346599
347286
347318
347321
347368
347372
347402
347473
348224
348228
348230
348290
348305
348314
348318
348319
348325
348343
348348
348349
348367
348497
348517
348552
348575
349330
349374
349421
349428
349443
349444
349445
349473
349479
349495
349497
349498
349517
349523
349524
349543
349566
349571
349752
350652
350654
350658
350664
350666
350669
350681
350683
350693
350697
350699
350720
350724
350727
350728
350729
350731
350744
350745
350746
350751
350766
350779
350808
350912
351329
351931
351938
351939
351946
351952
352026
352027
352031
352040
352096
352177
352200
352205
352218
352257
353392
353403
353408
353411
353497
353535
353537
353541
353550
353558
353559
353566
353572
353580
353607
353620
353622
353756
353758
353802
354237
354243
355041
355042
355054
355136
355143
355145
355147
355152
355169
355171
355174
355175
355176
355188
355194
355201
355202
355223
355291
355415
355423
355628
355631
355645
355653
355677
355691
355694
355697
355711
356686
356777
356781
356782
356792
356793
356797
356798
356812
356866
356928
356929
356930
356938
356964
356977
356993
356995
357057
357060
357070
357216
357225
357237
357245
357295
357298
357301
357302
357307
357315
357321
357324
357330
357347
358134
358139
358219
358229
358356
358362
358383
358394
358457
358559
358561
358571
358573
358603
358605
358620
358621
358628
358632
358639
358676
358680
358683
358686
358691
358696
358697
358706
358788
358828
358836
358840
358846
358852
358856
358862
358869
358874
358923
358928
358952
358955
359004
359730
359733
359734
359736
359739
359745
359936
360048
360069
360093
360096
360119
360139
360144
360229
360234
360240
360245
360251
360252
360253
360297
360306
360317
360328
360336
360353
360355
360363
360373
360374
360408
360423
360428
360429
360436
360482
360492
360502
360506
360512
360523
360539
360673
360674
360675
361071
361408
361591
361595
361614
361620
361678
361782
361788
361806
361825
361831
361854
361888
361902
361906
361912
361924
361927
361928
361937
361945
361949
361951
361955
361956
361990
362019
362022
362071
362077
362079
362086
362088
362094
362125
362151
362162
362203
362216
362252
362314
362317
362325
362788
362819
363112
363122
363130
363133
363137
363146
363183
363197
363230
363233
363269
363277
363299
363307
363314
363339
363340
363352
363358
363383
363385
363412
363415
363496
363498
363510
363513
363527
363547
363590
363601
363602
363604
363610
363612
363630
363631
363632
363650
363656
363726
363733
363741
363769
363780
363783
363791
363803
363805
363806
363817
363819
363820
363919
363972
364017
364030
364038
364050
364073
364089
364093
364933
364939
364940
364950
364971
365072
365088
365096
365100
365116
365122
365145
365146
365147
365161
365219
365257
365266
365281
365283
365306
365325
365352
365361
365391
365407
365418
365439
365442
365455
365503
365509
365518
365522
365527
365529
365549
365554
365632
365633
365657
365658
365706
365744
365784
365787
365795
365798
365799
365800
365807
365812
365824
365827
365832
365840
365850
365860
366396
366459
366461
366484
366487
366520
366840
366842
366843
366844
366845
366873
366876
366879
366882
366889
366891
366902
366921
366925
366926
366927
366929
366931
366938
366946
366995
366997
367000
367048
367083
367087
367094
367138
367171
367175
367192
367205
367207
367214
367222
367232
367269
367285
367289
367305
367311
367351
367364
367371
367376
367380
367404
367413
367433
367453
367482
367582
367584
367588
367625
367631
367679
367692
367714
367715
367754
367758
367766
367777
367778
367781
367801
367803
367813
367816
367827
367863
367878
367879
367906
367908
367916
367917
367930
367933
367940
367942
367958
367965
367969
367971
367996
368004
368011
368016
368031
368042
368212
368218
368225
368231
368236
368243
368323
368325
368444
368445
368455
368457
368529
368534
368540
368551
368745
368766
368769
368774
368780
368781
368786
368791
368798
368810
368816
368817
368848
368851
368865
368877
368878
368882
368883
368886
368892
368897
368898
368900
368904
368907
368915
368947
368951
368954
368957
368960
368968
368974
368993
369077
369109
369112
369116
369152
369157
369170
369187
369188
369205
369238
369245
369259
369317
369337
369352
369356
369362
369364
369366
369382
369393
369409
369410
369485
369497
369516
369529
369534
369545
369567
369569
369572
369584
369641
369651
369660
369670
369674
369689
369700
369703
369712
369714
369715
369718
369742
369759
369761
369779
369791
369797
369815
369816
369824
369825
369830
369833
369844
369852
369866
369884
369885
369890
369892
369899
369901
369905
369908
369914
369918
369921
369926
369927
369971
369976
369985
370010
370034
370069
370152
370153
370177
370181
370197
370201
370226
370254
370257
370268
370464
370475
370489
370496
370516
370527
370530
370540
370573
370727
370740
370742
370743
370744
370750
370775
370793
370810
370812
370815
370816
370828
370832
370839
370845
370858
370864
370872
370873
370881
370891
370895
370911
370914
370932
370938
370942
370949
370950
370951
370956
370964
370966
370972
370977
370982
370984
370985
370996
371025
371026
371033
371098
371100
371105
371109
371133
371139
371150
371151
371156
371157
371163
371168
371188
371189
371200
371212
371214
371256
371297
371298
371311
371318
371320
371326
371330
371340
371348
371349
371357
371371
371419
371444
371488
371499
371599
371600
371603
371623
371630
371653
371666
371694
371716
371717
371766
371784
371804
371827
371829
371831
371844
371848
371870
371885
371888
371910
371935
371950
371958
371960
371996
372002
372010
372045
372086
372109
372145
372156
372166
372171
372179
372373
372423
372434
372436
372491
372493
372508
372515
372522
372535
372552
372557
372558
372572
372578
372579
372596
372598
372606
372774
372784
372788
372791
372799
372805
372817
372827
372830
372845
372859
372868
372873
372876
372920
372943
372944
372949
372953
372961
372996
372999
373000
373004
373005
373008
373036
373039
373041
373055
373064
373137
373152
373158
373159
373166
373176
373184
373189
373197
373200
373208
373211
373220
373222
373240
373292
373301
373306
373316
373319
373390
373395
373397
373409
373418
373421
373424
373426
373431
373441
373443
373446
373460
373471
373482
373512
373526
373538
373560
373581
373587
373604
373633
373638
373639
373718
373720
373747
373752
373754
373766
373781
373821
373852
373888
373892
373901
373909
373910
373911
373918
373938
373947
373949
373952
373954
373955
373969
373977
373979
373983
373988
373990
374006
374034
374069
374070
374082
374090
374124
374171
374200
374209
374217
374231
374237
374239
374271
374274
374277
374281
374283
374285
374293
374298
374451
374463
374472
374494
374518
374520
374522
374538
374539
374540
374543
374552
374570
374585
374592
374600
374621
374622
374623
374624
374627
374668
374675
374682
374689
374726
374727
374951
374961
374969
374985
374987
374989
374990
375005
375007
375008
375021
375024
375041
375045
375063
375132
375139
375176
375183
375201
375233
375245
375254
375263
375269
375271
375272
375274
375286
375287
375293
375309
375317
375336
375359
375406
375421
375424
375445
375461
375472
375484
375489
375542
375560
375597
375640
375662
375677
375679
375681
375707
375731
375746
375754
375779
375817
375831
375861
375864
375867
375873
375877
375882
375895
375904
375905
375919
375927
375928
375933
375934
375938
375942
375949
375966
376018
376021
376034
376037
376079
376094
376098
376100
376105
376106
376110
376129
376133
376137
376140
376151
376154
376156
376172
376210
376217
376227
376229
376231
376255
376260
376283
376291
376298
376301
376322
376348
376365
376378
376385
376403
376409
376419
376441
376449
376450
376473
376494
376509
376616
376618
376622
376630
376644
376750
376821
376824
376828
376831
376846
376867
376872
376880
376953
376963
377158
377160
377163
377171
377173
377174
377178
377184
377186
377188
377190
377200
377211
377223
377226
377228
377237
377238
377239
377259
377269
377280
377294
377299
377336
377359
377380
377381
377479
377488
377495
377499
377513
377553
377570
377597
377600
377654
377661
377698
377711
377783
377800
377810
377819
377823
377846
377859
377885
377888
377995
378005
378006
378039
378050
378068
378092
378094
378124
378131
378139
378152
378167
378178
378237
378245
378254
378266
378267
378286
378310
378328
378330
378337
378338
378340
378341
378356
378363
378403
378424
378430
378441
378449
378457
378469
378492
378497
378498
378503
378515
378524
378548
378571
378579
378582
378602
378635
378654
378670
378678
378684
378694
378697
378700
378707
378714
378715
378778
378812
378885
378886
378908
378911
378922
378923
378924
378931
378947
378948
378950
378952
378954
378959
378965
378999
379005
379017
379019
379026
379072
379089
379099
379102
379110
379125
379132
379154
379163
379183
379198
379217
379237
379250
379253
379260
379355
379357
379366
379368
379377
379510
379535
379538
379543
379545
379549
379553
379556
379570
379577
379584
379601
379610
379613
379617
379652
379671
379683
379698
379722
379723
379729
379731
379732
379744
379745
379763
379764
379766
379771
379806
379807
379809
379857
379863
379881
379925
379941
379944
379949
379955
379977
379984
379990
379998
380005
380009
380019
380022
380034
380061
380062
380068
380083
380112
380144
380151
380174
380180
380181
380199
380215
380242
380260
380291
380296
380299
380384
380415
380422
380432
380454
380455
380462
380471
380473
380479
380481
380492
380508
380527
380534
380577
380587
380591
380596
380599
380610
380614
380620
380659
380664
380678
380684
380695
380702
380720
380754
380776
380797
380801
380836
380878
380884
380890
380903
380904
381018
381024
381036
381042
381044
381045
381053
381060
381063
381137
381166
381201
381206
381229
381274
381280
381281
381282
381293
381301
381302
381305
381315
381320
381325
381328
381340
381353
381363
381377
381382
381384
381392
381397
381398
381402
381404
381409
381436
381468
381471
381478
381488
381491
381506
381579
381589
381606
381613
381731
381743
381766
381878
381884
381892
381896
381900
381919
381922
381924
381949
381950
381960
381963
381976
381985
381986
382006
382010
382058
382082
382101
382108
382114
382133
382148
382149
382156
382161
382162
382201
382202
382231
382235
382253
382256
382272
382298
382308
382319
382327
382364
382385
382389
382405
382410
382414
382426
382441
382454
382456
382471
382472
382486
382511
382543
382557
382572
382580
382586
382597
382608
382624
382652
382659
382694
382714
382721
382723
382730
382732
382737
382759
382763
382809
382819
382825
382832
382864
382896
382912
382915
382917
382934
382937
382951
382952
382969
382993
383001
383012
383014
383032
383038
383040
383050
383055
383061
383064
383065
383072
383089
383113
383131
383149
383183
383213
383219
383230
383231
383236
383241
383245
383256
383272
383301
383311
383328
383354
383355
383374
383378
383389
383409
383411
383443
383455
383484
383485
383502
383538
383544
383558
383564
383625
383639
383652
383654
383658
383662
383684
383688
383695
383697
383710
383715
383739
383749
383755
383757
383762
383764
383767
383772
383774
383777
383795
383803
383817
383822
383831
383834
383858
383862
383866
383881
383904
383907
384005
384007
384019
384132
384142
384150
384155
384158
384186
384197
384250
384257
384259
384269
384280
384297
384308
384314
384316
384323
384331
384360
384369
384374
384412
384413
384416
384418
384428
384431
384453
384455
384464
384472
384478
384500
384509
384513
384518
384525
384559
384568
384570
384571
384610
384611
384614
384621
384624
384635
384641
384646
384686
384688
384699
384727
384743
384764
384773
384794
384828
384845
384851
384856
384874
384875
384885
384886
384897
384898
384904
384914
384915
384933
384939
384940
384947
384962
384980
384981
384999
385000
385026
385041
385056
385077
385103
385108
385122
385127
385152
385156
385157
385182
385192
385213
385216
385220
385225
385230
385245
385273
385275
385281
385288
385290
385310
385327
385340
385342
385351
385373
385389
385399
385434
385456
385472
385495
385498
385517
385527
385538
385554
385576
385580
385589
385591
385592
385597
385625
385658
385703
385718
385727
385737
385740
385743
385756
385760
385763
385796
385815
385829
385834
385835
385850
385856
385947
385950
385956
385967
385968
385994
385997
386001
386011
386039
386044
386055
386064
386070
386071
386084
386094
386095
386097
386100
386123
386150
386157
386181
386182
386202
386212
386226
386251
386256
386323
386336
386338
386360
386364
386366
386367
386368
386371
386380
386383
386392
386394
386415
386419
386426
386427
386435
386445
386463
386468
386500
386513
386516
386528
386565
386578
386582
386615
386631
386633
386638
386643
386646
386656
386660
386669
386670
386680
386687
386714
386726
386759
386771
386776
386790
386806
386826
386844
386858
386870
386884
386891
386902
386914
386920
386922
386943
387023
387027
387042
387064
387067
387101
387122
387128
387133
387139
387146
387156
387203
387210
387221
387222
387255
387259
387267
387268
387281
387290
387297
387305
387315
387318
387323
387338
387349
387358
387369
387379
387388
387414
387428
387459
387461
387505
387514
387518
387604
387605
387609
387611
387711
387731
387735
387738
387739
387787
387794
387837
387851
387880
387903
387907
387911
387922
387958
387973
387979
387980
387990
388021
388044
388049
388055
388072
388091
388099
388112
388124
388133
388136
388144
388159
388167
388172
388173
388174
388180
388184
388190
388198
388219
388220
388235
388278
388346
388348
388399
388408
388413
388460
388464
388473
388480
388505
388520
388522
388524
388526
388529
388535
388554
388559
388578
388579
388587
388602
388641
388666
388677
388688
388700
388726
388756
388758
388759
388766
388774
388782
388789
388792
388797
388807
388823
388828
388829
388833
388835
388843
388849
388854
388859
388864
388882
388890
388904
388914
388916
388932
388950
388953
388967
388972
388976
388978
389003
389018
389032
389038
389039
389054
389065
389074
389076
389080
389088
389111
389114
389128
389133
389150
389177
389215
389221
389226
389227
389230
389236
389271
389278
389299
389325
389337
389356
389363
389472
389474
389475
389478
389481
389486
389514
389533
389558
389564
389566
389575
389588
389590
389615
389636
389648
389650
389659
389661
389679
389682
389705
389706
389715
389771
389816
389856
389860
389862
389870
389885
389894
389897
389907
389912
390080
390095
390117
390119
390123
390147
390176
390204
390220
390238
390241
390266
390285
390291
390306
390307
390313
390318
390320
390323
390352
390355
390378
390379
390383
390384
390392
390404
390408
390416
390417
390422
390426
390443
390446
390456
390461
390462
390493
390496
390506
390526
390530
390585
390595
390616
390617
390660
390671
390677
390678
390705
390726
390733
390741
390747
390750
390766
390776
390789
390793
390800
390819
390833
390856
390857
390877
390905
390923
390933
390942
390958
390980
390984
391003
391019
391024
391040
391059
391061
391064
391077
391078
391082
391097
391106
391123
391145
391154
391158
391162
391196
391241
391254
391260
391285
391297
391334
391350
391356
391357
391381
391387
391399
391427
391444
391491
391495
391524
391531
391536
391581
391585
391595
391609
391626
391635
391640
391641
391642
391657
391665
391666
391669
391673
391678
391687
391700
391704
391707
391714
391716
391717
391719
391723
391724
391728
391737
391739
391742
391785
391793
391805
391837
391844
391851
391876
391879
391880
391889
391916
391921
391925
391929
391971
391977
391981
391984
392024
392030
392046
392061
392070
392071
392073
392074
392090
392150
392155
392157
392173
392196
392202
392227
392277
392291
392296
392350
392511
392530
392546
392550
392562
392573
392605
392617
392623
392645
392649
392662
392669
392693
392696
392713
392719
392741
392751
392772
392779
392788
392795
392808
392809
392814
392816
392818
392826
392844
392848
392892
392917
392923
392928
392933
392938
392959
392984
393000
393016
393034
393051
393069
393072
393081
393101
393102
393103
393112
393113
393121
393130
393131
393143
393144
393146
393155
393161
393172
393191
393192
393203
393214
393258
393261
393282
393290
393338
393385
393396
393398
393402
393422
393429
393442
393461
393478
393482
393485
393509
393513
393525
393537
393539
393584
393591
393596
393605
393609
393623
393625
393629
393637
393654
393655
393656
393658
393670
393672
393673
393692
393715
393720
393732
393733
393748
393752
393775
393777
393786
393815
393843
393901
393903
393907
393910
393915
393916
393922
393954
393955
393983
394005
394011
394014
394027
394035
394086
394097
394119
394121
394123
394129
394145
394157
394233
394258
394265
394273
394296
394298
394301
394303
394310
394312
394317
394348
394349
394350
394361
394363
394421
394424
394432
394477
394479
394482
394484
394508
394511
394517
394526
394538
394546
394556
394562
394569
394572
394577
394581
394585
394598
394599
394600
394620
394629
394637
394648
394658
394682
394688
394701
394707
394739
394772
394947
394948
394962
394965
395022
395027
395034
395086
395101
395116
395120
395174
395179
395221
395240
395247
395248
395274
395276
395284
395295
395322
395323
395329
395330
395337
395346
395351
395373
395375
395384
395413
395455
395487
395505
395516
395526
395527
395535
395543
395546
395566
395598
395610
395618
395635
395688
395689
395700
395707
395760
395771
395782
395817
395836
395838
395839
395843
395847
395881
395882
395901
396008
396019
396038
396044
396059
396064
396076
396079
396099
396128
396140
396153
396162
396164
396172
396211
396214
396225
396239
396243
396254
396304
396307
396308
396316
396346
396352
396353
396369
396399
396400
396407
396409
396433
396436
396445
396448
396453
396460
396467
396508
396569
396579
396596
396627
396634
396657
396693
396702
396712
396717
396720
396740
396760
396778
396781
396782
396784
396795
396802
396869
396872
396891
396940
396950
396963
396976
396983
397026
397050
397055
397066
397074
397100
397118
397137
397143
397146
397149
397155
397166
397176
397267
397273
397276
397286
397351
397368
397380
397391
397404
397406
397409
397417
397440
397492
397504
397509
397527
397535
397537
397569
397573
397585
397587
397590
397599
397601
397653
397660
397661
397662
397663
397675
397678
397718
397720
397727
397772
397780
397787
397802
397806
397825
397843
397845
397852
397866
397886
397905
397942
397951
397966
397976
397993
398014
398047
398115
398118
398137
398139
398151
398161
398162
398167
398190
398198
398214
398219
398234
398240
398248
398261
398277
398321
398377
398385
398390
398395
398396
398400
398415
398418
398436
398439
398451
398461
398462
398463
398470
398478
398481
398496
398540
398545
398555
398564
398577
398585
398606
398629
398633
398652
398656
398662
398673
398684
398694
398741
398753
398785
398786
398787
398800
398845
398847
398851
398858
398865
398868
398882
398913
398927
398933
398961
398982
398994
398998
399003
399041
399052
399053
399056
399064
399075
399095
399121
399133
399142
399146
399151
399171
399174
399177
399180
399193
399200
399226
399249
399253
399256
399320
399357
399387
399459
399464
399467
399472
399477
399508
399514
399519
399521
399527
399532
399537
399546
399586
399600
399615
399621
399630
399637
399638
399645
399662
399665
399667
399672
399673
399682
399687
399692
399788
399801
399810
399839
399849
399884
399917
399935
399962
399973
399988
400011
400033
400041
400054
400055
400059
400083
400099
400114
400119
400131
400151
400155
400196
400211
400229
400244
400273
400275
400277
400279
400285
400351
400352
400373
400433
400442
400461
400475
400476
400479
400519
400547
400587
400589
400614
400617
400622
400627
400634
400637
400646
400661
400678
400705
400727
400784
400828
400843
400858
400868
400876
400896
400904
400915
400916
400921
400932
400939
400944
400946
400982
401002
401024
401045
401078
401104
401105
401107
401114
401124
401135
401139
401149
401155
401156
401177
401189
401195
401225
401263
401285
401290
401300
401312
401323
401324
401325
401331
401332
401359
401370
401387
401401
401427
401438
401443
401486
401488
401559
401578
401836
401858
401861
401907
401909
401925
401931
401973
401977
401984
401999
402014
402017
402021
402028
402031
402042
402043
402045
402053
402057
402060
402064
402080
402095
402096
402102
402131
402146
402162
402166
402169
402174
402175
402177
402206
402264
402273
402294
402307
402319
402321
402327
402364
402377
402378
402383
402385
402395
402424
402488
402495
402500
402541
402548
402568
402572
402576
402577
402581
402585
402590
402600
402606
402654
402709
402727
402745
402765
402768
402772
402778
402785
402799
402806
402812
402819
402879
402930
402941
402943
402960
402995
403000
403001
403017
403020
403054
403069
403072
403079
403083
403089
403093
403099
403138
403160
403162
403171
403219
403249
403270
403277
403311
403314
403316
403338
403341
403360
403365
403379
403394
403428
403439
403454
403475
403478
403479
403484
403489
403500
403516
403520
403536
403545
403549
403558
403569
403573
403584
403604
403628
403631
403632
403640
403641
403647
403658
403666
403684
403698
403702
403709
403721
403727
403732
403744
403758
403764
403765
403774
403777
403784
403788
403806
403832
403866
403873
403880
403906
403919
403921
403924
403938
403943
404046
404274
404275
404276
404343
404376
404397
404416
404418
404420
404511
404513
404559
404603
404613
404626
404631
404655
404660
404765
404780
404789
404807
404836
404847
404852
404857
404861
404891
404920
404938
404940
404947
404948
404950
404953
404971
404974
404986
405000
405026
405027
405050
405076
405086
405097
405149
405155
405165
405170
405173
405189
405191
405220
405234
405240
405262
405274
405285
405296
405298
405327
405337
405359
405383
405455
405457
405467
405496
405513
405528
405535
405536
405538
405562
405587
405589
405598
405605
405625
405633
405635
405643
405654
405657
405660
405696
405704
405707
405719
405727
405737
405740
405745
405748
405756
405763
405768
405771
405789
405805
405819
405824
405832
405833
405838
405855
405869
405886
405888
405905
405912
405923
405941
405952
405958
405974
406044
406046
406086
406087
406110
406114
406117
406118
406121
406135
406176
406177
406194
406196
406273
406415
406420
406422
406616
406670
406673
406679
406709
406712
406742
406757
406868
406880
406883
406891
406907
406930
406935
406944
406953
406964
406980
406981
407001
407010
407024
407032
407033
407039
407044
407048
407053
407064
407072
407082
407087
407119
407185
407248
407260
407266
407276
407286
407297
407306
407311
407348
407375
407390
407397
407405
407418
407443
407456
407481
407495
407499
407500
407502
407505
407506
407516
407523
407524
407526
407533
407563
407570
407574
407584
407585
407609
407614
407636
407673
407716
407801
407808
407843
407854
407872
407873
407884
407892
407896
407902
407919
407930
407958
407983
408004
408018
408020
408038
408051
408062
408073
408084
408106
408144
408147
408218
408511
408515
408586
408642
408645
408646
408647
408659
408833
408861
408901
408907
408911
408912
408915
408950
408975
408997
409010
409019
409057
409073
409079
409082
409104
409121
409137
409154
409167
409172
409175
409203
409250
409251
409257
409280
409287
409341
409347
409354
409359
409366
409367
409378
409393
409397
409404
409460
409525
409532
409537
409591
409618
409635
409647
409659
409671
409673
409691
409695
409698
409712
409729
409735
409744
409745
409755
409758
409765
409772
409774
409789
409801
409831
409886
409901
409923
409927
409936
409943
410017
410025
410044
410047
410049
410070
410165
410323
410325
410356
410394
410423
410432
410448
410449
410590
410597
410604
410605
410610
410625
410637
410641
410642
410670
410685
410710
410716
410770
410774
410787
410813
410816
410841
410862
410873
410887
410889
410899
410901
410940
410946
410980
410991
411062
411073
411080
411081
411100
411109
411127
411161
411176
411194
411200
411206
411208
411258
411275
411292
411333
411347
411397
411433
411439
411446
411485
411508
411511
411523
411532
411555
411580
411604
411606
411623
411626
411652
411664
411669
411684
411701
411718
411732
411750
411752
411754
411760
411881
412047
412050
412051
412082
412134
412155
412168
412180
412183
412210
412221
412233
412239
412262
412269
412281
412365
412370
412373
412405
412430
412446
412447
412459
412478
412505
412515
412525
412563
412570
412628
412629
412633
412635
412636
412657
412672
412680
412682
412707
412708
412714
412730
412780
412784
412826
412837
412842
412844
412849
412852
412855
412857
412882
412925
412945
412960
413041
413056
413072
413077
413078
413097
413103
413117
413132
413136
413144
413151
413167
413180
413185
413203
413246
413259
413265
413271
413273
413290
413292
413296
413301
413308
413387
413518
413527
413531
413611
413613
413617
413627
413632
413644
413671
413677
413681
413708
413714
413715
413722
413727
413740
413744
413749
413759
413783
413784
413786
413808
413815
413821
413852
413862
413871
413888
413889
413892
413897
413936
413945
413958
413960
413971
413978
413989
413991
413992
414019
414040
414087
414093
414097
414111
414114
414183
414311
414329
414350
414354
414375
414377
414380
414387
414411
414421
414436
414444
414453
414469
414472
414533
414537
414541
414556
414564
414575
414577
414588
414591
414599
414600
414603
414608
414619
414628
414635
414636
414653
414679
414680
414683
414685
414700
414702
414791
414810
414894
414901
414902
414903
414961
414975
415041
415049
415060
415063
415066
415081
415090
415091
415105
415136
415137
415143
415152
415155
415157
415164
415173
415185
415190
415213
415222
415230
415232
415247
415252
415255
415293
415295
415307
415308
415325
415326
415354
415369
415372
415380
415386
415389
415395
415396
415398
415423
415428
415437
415442
415471
415493
415495
415509
415514
415524
415549
415567
415575
415583
415585
415619
415631
415635
415668
415679
415682
415721
415729
415736
415741
415768
415809
415824
415839
415853
415856
415880
415903
415908
415913
415929
415935
415988
415990
415994
416004
416006
416009
416012
416013
416254
416286
416287
416350
416355
416357
416358
416367
416379
416395
416400
416401
416403
416410
416411
416412
416425
416427
416451
416454
416462
416470
416478
416497
416505
416530
416531
416575
416581
416611
416655
416714
416728
416739
416740
416741
416750
416758
416777
416780
416795
416824
416847
416854
416870
416871
416877
416889
416897
416907
416939
416947
416950
416958
416963
416983
416987
417002
417004
417007
417012
417019
417022
417035
417041
417043
417048
417057
417061
417076
417094
417161
417278
417323
417401
417420
417435
417441
417447
417450
417455
417465
417472
417483
417484
417485
417501
417521
417523
417524
417534
417544
417556
417557
417576
417579
417583
417584
417589
417591
417597
417605
417621
417622
417623
417634
417638
417646
417680
417690
417694
417713
417718
417726
417727
417729
417750
417786
417789
417801
417961
418010
418023
418053
418059
418096
418101
418109
418111
418112
418119
418129
418130
418133
418137
418138
418139
418140
418141
418145
418155
418163
418164
418179
418181
418196
418202
418212
418224
418229
418230
418233
418265
418266
418267
418268
418278
418284
418285
418301
418302
418305
418318
418320
418441
418510
418512
418513
418528
418531
418540
418543
418563
418584
418612
418617
418635
418636
418682
418683
418684
418698
418702
418741
418746
418759
418762
418763
418778
418786
418794
418796
418805
418809
418817
418819
418830
418833
418838
418855
418863
418865
418868
418876
418878
418884
418886
418893
418899
418904
418926
418941
418946
418972
419036
419046
419074
419090
419091
419092
419095
419100
419107
419110
419112
419120
419125
419126
419131
419132
419142
419143
419180
419186
419191
419202
419208
419233
419238
419262
419265
419270
419272
419281
419289
419290
419415
419451
419478
419533
419545
419553
419556
419575
419578
419591
419601
419614
419626
419640
419646
419649
419657
419675
419688
419700
419703
419707
419710
419711
419720
419751
419753
419764
419773
419783
419787
419797
419806
419807
419810
419830
419868
419871
419880
419912
419913
419919
419921
419922
419940
419941
419942
419944
419959
419962
419963
419975
419985
419991
419997
420006
420008
420011
420027
420033
420079
420088
420100
420223
420352
420354
420355
420358
420368
420373
420375
420381
420406
420408
420411
420413
420421
420444
420461
420507
420525
420534
420546
420547
420552
420553
420560
420580
420587
420593
420603
420614
420622
420629
420633
420669
420678
420702
420706
420713
420725
420726
420733
420745
420747
420748
420755
420756
420766
420784
420797
420806
420849
420853
420855
420858
420986
421119
421136
421204
421213
421224
421233
421234
421243
421250
421253
421260
421265
421271
421276
421277
421345
421348
421351
421378
421399
421402
421679
421682
421686
421702
421703
421714
421725
421730
421737
421738
421739
421743
421747
421753
421755
421768
421786
421836
422042
422139
422140
422142
422143
422181
422187
422249
422253
422255
422257
422280
422286
422291
422292
422293
422294
422307
422515
422517
422590
422593
422594
422644
422645
422652
422659
422672
422673
422675
422690
422692
422694
422695
422700
422704
422711
422716
422717
422719
422949
422960
422962
422966
422967
423025
423039
423076
423077
423082
423088
423089
423090
423094
423096
423100
423102
423104
423321
423322
423341
423350
423381
423382
423434
423438
423446
423448
423454
423458
423463
423464
423645
423646
423660
423664
423665
423675
423701
423703
423714
423744
423747
423755
423763
423766
423767
423777
423783
423784
423789
423967
423981
424016
424017
424019
424025
424040
424060
424069
424074
424085
424111
424138
424155
424157
424159
424163
424164
424171
424179
424187
424360
424367
424405
424410
424464
424468
424505
424512
424516
424523
424529
424533
424552
424553
424737
424773
424774
424797
424819
424824
424833
424834
424858
424910
424916
425069
425075
425110
425137
425148
425162
425347
425354
425374
425401
425410
425412
425429
425433
425442
425456
425595
425603
425605
425609
425611
425618
425625
425647
425667
425696
425715
425719
425724
425735
425760
425768
425772
425778
425780
425790
425792
425954
425968
425973
425977
425979
426014
426019
426050
426062
426063
426088
426106
426124
426125
426137
426161
426162
426165
426193
426218
426219
426226
426400
426419
426437
426467
426480
426499
426506
426567
426569
426580
426733
426747
426762
426776
426820
426832
426833
426871
426888
426911
426912
426913
426914
426954
426977
427062
427072
427100
427101
427107
427120
427143
427176
427200
427211
427213
427316
427338
427372
427378
427381
427394
427395
427403
427408
427527
427546
427579
427585
427598
427603
427605
427606
427611
427614
427618
427624
427639
427844
427851
427860
427888
427932
427956
427959
427980
427994
427996
428002
428004
428010
428275
428307
428348
428362
428378
428399
428409
428427
428437
428644
428699
428706
428707
428711
428714
428755
428793
428819
428821
428827
428828
428830
428833
428838
428839
428874
428881
428893
429082
429092
429096
429107
429133
429216
429223
429227
429228
429383
429401
429497
429636
429667
429675
429677
429680
429685
429690
429691
429704
429708
429733
429753
429945
430019
430021
430029
430039
430046
430061
430068
430084
430092
430099
430107
430108
430341
430394
430426
430461
430497
430501
430518
430776
430842
430921
430939
430952
430975
430981
430999
431386
431389
431464
431484
431532
431901
431902
431966
432042
432089
432106
432109
432129
432615
432667
432693
432719
432767
432786
432944
433002
433049
433438
433441
433486
433518
433593
433594
433719
433781
433783
433997
434006
434361
434422
434468
434499
434614
435009
435148
435166
435209
435320
435431
435432
435447
435451
435659
435671
436143
436146
436192
436212
436224
436236
436425
436502
436595
436596
437129
437211
437224
437404
437418
437558
437567
437696
437725
437904
438300
438701
438800
438807
438817
438972
439571
439604
439611
439624
440007
440112
440283
440917
441383
442442
442464
442553
442616
442620
442653
443704
443729
443784
443792
443829
443831
443833
443850
443852
443880
443947
443957
444547
444805
444839
444941
444963
444971
444999
445026
445061
445062
445066
445601
445933
445963
446073
446083
446089
446199
446775
446792
446798
447240
447377
448290
448363
448546
449059
449129
449327
449428
449434
449567
450112
450147
450447
450470
451304
451440
451619
451729
452266
452331
452864
453136
453291
453743
453765
453777
453788
453837
453890
454045
454207
454231
454237
454621
454640
454653
454853
454970
455048
455089
455623
455646
455659
455765
455905
456033
456114
456562
456581
456642
456647
456675
456751
456798
456799
456999
457628
457801
457966
458643
458934
459748
459764
459801
459935
459955
460147
460162
460819
460832
460841
460978
461019
461060
461148
461155
461158
461161
461335
461845
461847
462099
462101
462169
462268
462921
463056
463195
463268
463328
463933
463979
464243
464296
464458
464531
465109
465123
465127
465134
465163
465207
465235
465313
465339
465393
465570
465615
466383
466526
466614
466733
466764
466905
466953
466965
466973
466980
467489
467582
467595
467598
467630
467736
467828
467938
467970
468057
468110
468126
468240
468273
468288
468300
468315
468727
468840
468959
468999
469013
469230
469235
469286
469338
469343
469351
469355
469374
469460
469483
469664
469676
469701
469709
470395
470521
470567
470597
470608
470653
470708
470724
470738
470754
470772
470779
470787
470880
470891
471093
471198
471207
471230
471455
471791
471885
472248
472257
472270
472284
472292
472296
472307
472315
472325
472352
472425
472444
472486
472489
472732
472744
472773
473494
473529
473595
473616
473645
473893
473927
473987
473993
474014
474030
474249
474425
474525
474562
474787
475051
475086
475341
475658
475679
475695
475719
475758
475797
475816
475818
475850
475866
475874
476008
476232
476245
476268
476328
476381
476626
476931
477258
477359
477382
477423
477461
477536
477626
477772
477909
477932
477964
478240
478244
478251
478256
478272
478274
478295
478300
478312
478324
478329
478338
478856
479236
479248
479256
479269
479270
479277
479283
479296
479344
479409
479412
479433
479458
479571
479572
479577
479578
479582
479654
479662
479889
479924
479925
479958
479968
480164
480207
480208
480228
480243
480248
480277
480304
480845
480862
480886
481174
481188
481213
481237
481247
481404
481467
481781
482033
482038
482133
482134
482176
482194
482197
482237
482257
482355
482368
482637
482817
483266
483998
483999
484301
484323
484367
484370
484400
484401
484417
484427
484470
484516
484561
484563
484565
484632
484646
485360
485391
485412
485599
485833
485866
485867
486400
486420
486596
486605
486608
486620
486654
486734
486738
486744
486745
486794
486817
486856
486928
486945
486967
486987
487006
487016
487072
487097
487822
487859
487898
487996
488011
488271
488295
488539
488564
489111
489118
489200
489202
489220
489259
489319
489320
489322
489408
489418
489456
489494
489504
489527
489544
489623
489635
489644
489649
489678
489699
489757
489800
489816
490453
490465
490471
490485
490499
490535
490552
490803
490916
491714
491717
491759
491780
491885
492031
492070
492196
492223
492286
492292
492328
492364
492428
492486
492512
492522
493216
493217
493251
493271
493587
493642
494587
494609
494636
494643
494680
494724
494736
494965
494966
494985
495001
495032
495069
495106
495141
495196
495225
495229
495236
495264
495302
495305
495325
495392
495696
496022
496094
496107
496108
496125
496240
496254
496259
496292
496645
496673
497592
497594
497596
497611
497629
497646
497674
497711
497714
497722
497789
498057
498065
498109
498203
498230
498241
498294
498307
498335
498358
498397
498406
498410
498420
498464
498466
499085
499268
499273
499363
499466
500541
500555
500579
500589
500593
500602
500604
500620
500634
500641
500642
500656
500695
500931
500955
501100
501247
501286
501288
501298
501422
501423
501425
501454
501506
502137
502303
503478
503486
503528
503845
503961
504028
504061
504063
504070
504075
504102
504106
504207
504217
504220
504229
504253
504294
505098
506525
506529
506551
506569
506571
506573
506769
506775
506778
506780
506894
507009
507058
507059
507065
507124
507128
507131
507139
507144
507270
507293
508011
508233
508252
509024
509031
509598
509656
509674
509685
509793
509855
509880
509930
509937
509961
509967
509974
509975
509977
509979
509988
510023
510045
510050
510113
510115
510210
510592
511275
511276
511284
511312
512537
512544
512562
512569
512576
512584
512787
512826
512942
512987
513968
515365
515400
515406
515419
515646
515651
515680
515697
515743
516758
518068
518070
518084
518091
518109
518115
518149
518154
518193
518206
518208
518214
518304
518394
518428
518488
518500
518507
518533
518552
519554
519640
519811
520864
520871
520882
520887
520900
520909
520933
520942
520950
520977
520979
520982
520992
520996
520997
521012
521019
521028
521033
521044
521050
521062
521257
521270
521288
521327
521337
521370
521386
521407
521415
521436
521444
521446
521456
521476
521477
521480
523619
523621
523627
523663
523670
523690
523692
523700
523718
523728
523739
523750
523756
524069
524081
524098
524134
524161
524219
524220
524223
524251
524252
526900
526908
526928
526975
526981
527027
527030
527040
527049
527964
528063
529538
529582
529631
529649
532263
532289
532291
532296
532299
532356
532435
532461
532477
535222
535284
535285
535287
535406
535427
535432
537798
537808
537840
538106
538119
538122
538123
538149
538155
538165
538186
538187
538244
538246
538258
540588
540601
540612
540618
540637
540642
540643
540648
540649
540651
540668
540676
540677
540902
540965
540971
540992
541016
541024
541052
541053
541090
541092
541132
541142
541158
541160
541179
541180
541252
541257
541290
541431
541434
541444
541445
541450
543990
543992
543994
543996
543998
544013
544014
544027
544050
544100
544117
544167
544172
544230
544242
544264
544354
546382
546383
546387
546396
546409
546414
546416
546417
546426
546442
546449
546450
546453
546467
546469
546490
546689
546718
546730
546739
546772
546796
546801
546811
546825
546833
546843
546848
546859
546862
546863
546865
546866
546965
547029
547054
548895
548909
548910
548911
548920
548941
548942
548953
548958
548964
548975
549002
549004
549014
549017
549151
549173
549199
549209
549210
549211
549228
549232
549235
549240
549275
549282
549342
549345
549349
549391
549432
549442
549451
549454
549458
549471
549473
549486
549492
549493
549580
549586
549612
551319
551322
551344
551358
551365
551375
551386
551594
551602
551615
551620
551629
551630
551694
551733
551741
551751
551756
551760
551763
551780
551784
551791
551866
551869
551872
551875
551879
551924
551929
551932
551933
551942
551955
551970
553683
553685
553690
553693
553703
553711
553714
553723
553728
553729
553730
553737
553742
553745
553895
553900
553901
553934
553936
553976
554004
554019
554166
554176
554195
554209
554217
554219
554224
555687
555704
555706
555743
555754
555758
555769
555772
555778
555782
555802
555808
555814
556162
556181
556182
556208
556212
556230
556239
556260
556269
556279
556282
556287
556288
556298
556305
556317
556323
556326
556353
556356
556360
556361
556365
556378
556386
556397
556440
556455
556458
556459
556472
556476
556489
556490
556500
556511
556514
556518
556521
556523
556530
556538
556552
556556
556568
556569
556571
556580
556581
556584
556589
557727
557740
557757
557773
557778
557784
557791
557792
557798
557805
557823
557834
557842
557847
557848
558057
558058
558096
558100
558110
558112
558156
558161
558169
558170
558179
558181
558209
558214
558221
558222
558331
558344
558351
558353
558375
558379
558404
558418
558437
558456
558457
558476
558496
558498
558507
558513
558536
558541
558617
558621
558629
558634
558673
558674
558699
558773
558787
559737
559741
559747
559748
559763
559765
559768
559772
559773
559780
559784
559799
559810
559818
559821
559831
559836
559837
559852
559853
560098
560121
560132
560134
560145
560148
560157
560158
560169
560170
560183
560195
560199
560217
560229
560233
560238
560252
560255
560257
560359
560361
560371
560402
560433
560454
560464
560488
560509
560519
560527
560541
560556
560565
560662
560669
560697
561537
561555
561566
561576
561584
561597
561626
561645
561684
561697
561721
561726
561736
561740
561761
561770
561778
561808
561815
561818
561847
561856
561877
561878
561890
561891
561893
561930
561932
561934
561937
561939
561947
561961
561967
561973
561975
561990
562004
562007
562010
562018
562047
562049
562053
562059
562061
562067
562074
562076
562087
562099
562130
562140
562286
562290
562315
562330
562350
563183
563185
563196
563210
563213
563233
563282
563296
563319
563320
563324
563367
563370
563383
563404
563427
563428
563432
563516
563523
563531
563554
563561
563565
563571
563580
563590
563600
563601
563603
563624
563634
563636
563637
563657
563663
563677
563767
563768
563777
563819
563820
563853
563862
564761
564762
564787
564807
564811
564814
564818
564843
564849
564889
564893
565151
565162
565166
565179
565188
565192
565195
565205
565214
565220
565223
565247
565259
565277
565298
565313
565339
565355
565367
565381
565397
565430
565440
565455
565457
565470
565489
566418
566450
566472
566504
566506
566518
566546
566547
566551
566562
566594
566609
566613
566627
566634
566648
566651
566664
566665
566671
566677
566694
566706
566707
566709
566714
566722
566732
566733
566751
566752
566761
566763
566785
566787
566794
566801
566837
566848
566874
566885
566886
566887
566921
566925
566968
566969
566993
567038
567051
567067
567078
567080
567089
567093
567098
567105
567112
567117
567127
567128
567131
567147
567151
567166
567170
567179
567182
567193
567195
567203
567213
567226
567228
567248
567251
568088
568106
568115
568136
568147
568164
568182
568184
568193
568231
568247
568248
568265
568268
568289
568308
568309
568338
568351
568376
568389
568413
568434
568443
568459
568461
568487
568494
568502
568509
568514
568526
568527
568530
568539
568543
568544
568560
568565
568592
568599
568619
568620
568624
568630
568647
568655
568660
568662
568667
568670
568728
568749
568753
568769
568810
568839
568856
568874
568877
568888
568901
568903
568908
568917
568922
568925
568931
568971
568991
569001
569025
569028
569050
570070
570085
570088
570090
570094
570112
570119
570126
570169
570170
570204
570230
570266
570275
570289
570311
570334
570339
570377
570379
570380
570390
570397
570408
570414
570416
570419
570429
570431
570434
570435
570444
570453
570470
570485
570486
570491
570502
570506
570516
570520
570521
570529
570556
570568
570572
570588
570640
570663
570695
570696
570697
570719
570739
570750
570776
570790
570797
570807
570831
570834
570859
570860
571776
571788
571798
571831
571851
571856
571881
571882
571885
571889
571924
571939
571949
571952
571953
571959
571972
571994
572070
572073
572078
572132
572200
572214
572250
572251
572255
572267
572269
572278
572302
572304
572323
572332
572356
572370
572388
572400
572406
572444
572466
572474
572495
572496
572508
572511
572512
572524
572533
572534
572535
572537
572538
572548
572560
572585
572599
572600
572622
572664
573604
573619
573622
573625
573631
573633
573647
573654
573663
573667
573678
573679
573682
573689
573696
573710
573768
573782
573861
573866
573883
573903
573919
573923
573951
573952
573967
574009
574026
574033
574074
574081
574093
574106
574110
574117
574122
574126
574133
574136
574138
574146
574150
574162
574163
574179
574192
574219
574235
574244
574253
574292
574321
574327
574342
574368
574375
574399
574411
575108
575118
575126
575141
575146
575151
575153
575165
575166
575168
575169
575184
575203
575206
575224
575240
575247
575253
575254
575258
575261
575304
575319
575326
575333
575349
575354
575375
575376
575412
575443
575450
575455
575494
575500
575543
575546
575554
575556
575559
575576
575578
575599
576335
576393
576399
576454
576457
576494
576495
576497
576501
576523
576538
576551
576558
576576
576586
576596
576603
576614
576627
576684
576686
577046
577049
577057
577058
577061
577064
578015
578374
578375
578393
578422
578467
578490
579042
579059
579124
579130
579140
580131
580135
580144
580145
580168
580181
580183
580184
580191
580756
580764
580776
580853
580861
580879
580888
580900
580910
580912
580934
580937
580943
580952
581061
581453
581455
581483
581485
581489
581501
581502
581506
581539
581558
581559
581564
581575
581609
581614
581624
581625
581633
581645
581693
581698
581699
581714
582310
582341
582353
582377
582401
582423
582486
582507
582513
582525
582551
582564
582565
582579
583011
583047
583055
583061
583133
583231
583244
583273
583274
583275
583648
583677
583725
584355
584359
584362
584363
584424
584430
584432
584434
584544
584554
584675
584876
585090
585096
585112
585471
585629
585632
585660
585661
585766
585786
585799
585800
585889
585923
585931
586060
586409
586417
586430
586447
586485
586487
586492
586523
586555
586585
586631
586660
586668
586680
586685
586697
586699
586706
586733
586749
586759
586763
586775
586776
586787
586799
586806
586825
586827
586835
586878
586983
586996
587004
587029
587046
587066
587092
587108
587114
587116
587120
587131
587144
587169
587173
587175
587196
587199
587216
587218
587233
587235
587240
587244
587246
587249
587258
587261
587265
587279
587285
587303
587304
587308
587328
587330
587334
587338
587348
587359
587421
587422
587453
587456
587491
587501
587505
587508
587510
587511
587547
